846
814
847
878
845
782
815
848
879
910
813
877
844
750
781
783
816
849
880
911
876
749
751
784
817
850
881
943
717
752
785
818
851
882
913
944
942
685
720
753
786
819
883
914
912
976
974
941
653
686
684
688
721
787
884
915
946
977
1008
975
1006
973
909
940
654
718
652
716
689
687
722
755
788
852
885
916
947
978
945
1009
1007
1005
908
972
939
622
655
719
620
651
748
657
690
754
723
756
789
820
853
886
917
948
979
1010
1004
971
907
590
621
656
588
619
780
747
625
658
724
757
821
854
887
918
949
980
1011
970
906
558
589
556
587
618
626
659
692
725
758
822
855
919
950
938
1002
969
874
905
559
557
524
555
617
594
627
660
691
726
790
856
951
982
1003
937
968
875
873
904
527
525
523
585
649
616
595
593
628
661
694
791
824
857
888
983
981
936
1000
841
872
903
495
528
493
526
491
522
586
650
648
615
561
592
596
629
662
693
695
759
823
792
825
858
889
1013
935
1001
999
809
840
871
496
529
560
494
459
492
521
554
682
680
647
814
782
815
846
750
781
783
816
847
878
845
749
751
784
817
848
879
910
813
877
844
717
752
785
818
849
880
911
876
685
720
753
786
819
850
881
943
653
686
684
688
721
787
851
882
913
944
942
654
718
652
716
689
687
722
755
788
883
914
912
976
974
941
622
655
719
620
651
748
657
690
754
723
756
789
820
884
915
946
977
1008
975
1006
973
909
940
590
621
656
588
619
780
747
625
658
724
757
821
852
885
916
947
978
945
1009
1007
1005
908
972
939
558
589
556
587
618
626
659
692
725
758
822
853
886
917
948
979
1010
1004
971
907
559
557
524
555
617
594
627
660
691
726
790
854
887
918
949
980
1011
970
906
527
525
523
585
649
616
595
593
628
661
694
791
855
919
950
938
1002
969
874
905
495
528
493
526
491
522
586
650
648
615
561
592
596
629
662
693
695
759
823
856
951
982
1003
937
968
875
873
904
496
529
560
494
459
492
521
554
682
680
647
782
750
814
781
815
846
749
783
816
847
878
845
717
751
784
817
848
879
910
813
877
844
685
752
785
818
849
880
911
876
653
686
684
720
753
786
819
850
881
943
654
718
652
716
688
721
787
851
882
913
944
942
622
655
719
620
651
748
689
687
722
755
788
883
914
912
976
974
941
590
621
656
588
619
780
747
657
690
754
723
756
789
820
884
915
946
977
1008
975
1006
973
909
940
558
589
556
587
618
625
658
724
757
821
852
885
916
947
978
945
1009
1007
1005
908
972
939
559
557
524
555
617
626
659
692
725
758
822
853
886
917
948
979
1010
1004
971
907
527
525
523
585
649
616
594
627
660
691
726
790
854
887
918
949
980
1011
970
906
495
528
493
526
491
522
586
650
648
615
595
593
628
661
694
791
855
919
950
938
1002
969
874
905
496
529
560
494
459
492
521
554
682
680
647
781
749
782
717
750
814
685
815
846
653
686
684
783
816
847
878
845
654
718
652
716
751
784
817
848
879
910
813
877
844
622
655
719
620
651
748
752
785
818
849
880
911
876
590
621
656
588
619
780
747
720
753
786
819
850
881
943
558
589
556
587
618
688
721
787
851
882
913
944
942
559
557
524
555
617
689
687
722
755
788
883
914
912
976
974
941
527
525
523
585
649
616
657
690
754
723
756
789
820
884
915
946
977
1008
975
1006
973
909
940
495
528
493
526
491
522
586
650
648
615
625
658
724
757
821
852
885
916
947
978
945
1009
1007
1005
908
972
939
496
529
560
494
459
492
521
554
682
680
647
749
717
781
685
782
653
686
684
750
814
654
718
652
716
815
846
622
655
719
620
651
748
783
816
847
878
845
590
621
656
588
619
780
747
751
784
817
848
879
910
813
877
844
558
589
556
587
618
752
785
818
849
880
911
876
559
557
524
555
617
720
753
786
819
850
881
943
527
525
523
585
649
616
688
721
787
851
882
913
944
942
495
528
493
526
491
522
586
650
648
615
689
687
722
755
788
883
914
912
976
974
941
496
529
560
494
459
492
521
554
682
680
647
717
685
749
653
686
684
781
654
718
652
716
782
622
655
719
620
651
748
750
814
590
621
656
588
619
780
747
815
846
558
589
556
587
618
783
816
847
878
845
559
557
524
555
617
751
784
817
848
879
910
813
877
844
527
525
523
585
649
616
752
785
818
849
880
911
876
495
528
493
526
491
522
586
650
648
615
720
753
786
819
850
881
943
496
529
560
494
459
492
521
554
682
680
647
685
653
686
717
684
654
718
749
652
716
622
655
719
781
620
651
748
590
621
656
782
588
619
780
747
558
589
750
814
556
587
618
559
557
815
846
524
555
617
527
525
783
816
847
878
845
523
585
649
616
495
528
493
526
751
784
817
848
879
910
813
877
844
491
522
586
650
648
615
496
529
560
494
752
785
818
849
880
911
876
459
492
521
554
682
680
647
684
652
685
716
620
651
653
686
717
748
588
619
654
718
749
780
747
556
587
618
622
655
719
781
524
557
555
617
590
621
656
782
525
523
558
589
585
649
616
750
814
493
526
491
522
559
586
650
648
615
815
846
494
459
492
521
527
554
682
680
647
652
620
684
651
588
685
716
619
556
587
653
686
717
748
618
524
557
555
654
718
749
780
747
617
525
523
558
589
622
655
719
781
585
649
616
493
526
491
522
559
590
621
656
782
586
650
648
615
494
459
492
521
527
750
814
554
682
680
647
651
619
652
587
618
620
684
555
588
617
685
716
556
585
649
616
653
686
717
748
524
557
586
650
648
615
654
718
749
780
747
525
523
558
589
554
682
680
647
619
587
651
618
555
588
652
617
556
620
684
585
649
616
524
557
685
716
586
650
648
615
525
523
558
589
653
686
717
748
554
682
680
647
618
619
617
587
651
585
649
616
555
588
652
586
650
648
615
556
620
684
554
682
680
647
617
585
618
649
616
586
619
650
648
615
554
587
651
682
680
647
649
617
650
648
585
618
616
682
680
647
648
649
680
647
